UNITS MM,10000;
EDIT proj;
ADD P1 :W0.000000  -7.2647,-0.2000 0.0000,-0.2000 0.0000,0.2000 -7.2647,0.2000;
ADD P1 :W0.000000  -7.7647,-0.3000 -7.2647,-0.3000 -7.2647,0.3000 -7.7647,0.3000;
ADD P1 :W0.000000  -8.0147,-0.3000 -7.7647,-0.3000 -7.7647,0.3000 -8.0147,0.3000;
ADD P1 :W0.000000  -8.7647,-0.3000 -8.5147,-0.3000 -8.5147,0.3000 -8.7647,0.3000;
ADD P1 :W0.000000  -9.2647,-0.3000 -8.7647,-0.3000 -8.7647,0.3000 -9.2647,0.3000;
ADD P1 :W0.000000  -11.0669,-0.2000 -9.2647,-0.2000 -9.2647,0.2000 -11.0669,0.2000;
ADD P1 :W0.000000  -11.9669,-0.3050 -11.0669,-0.3050 -11.0669,0.3050 -11.9669,0.3050;
ADD P1 :W0.000000  0.0000,-0.2000 0.7282,-0.2000 0.7282,0.2000 0.0000,0.2000;
ADD P1 :W0.000000  0.7282,-0.3000 1.2282,-0.3000 1.2282,0.3000 0.7282,0.3000;
ADD P1 :W0.000000  1.2282,-0.3000 1.4782,-0.3000 1.4782,0.3000 1.2282,0.3000;
ADD P1 :W0.000000  1.9782,-0.3000 2.2282,-0.3000 2.2282,0.3000 1.9782,0.3000;
ADD P1 :W0.000000  2.2282,-0.3000 2.7282,-0.3000 2.7282,0.3000 2.2282,0.3000;
ADD P1 :W0.000000  2.7282,-0.2000 2.8399,-0.2000 2.8399,0.2000 2.7282,0.2000;
ADD P1 :W0.000000  7.3399,-0.2000 9.5536,-0.2000 9.5536,0.2000 7.3399,0.2000;
ADD P1 :W0.000000  9.5536,-0.2000 9.7243,-0.2000 9.7243,0.2000 9.5536,0.2000;
ADD P1 :W0.000000  9.7243,-0.3000 10.2243,-0.3000 10.2243,0.3000 9.7243,0.3000;
ADD P1 :W0.000000  10.2243,-0.3000 10.4743,-0.3000 10.4743,0.3000 10.2243,0.3000;
ADD P1 :W0.000000  10.9743,-0.3000 11.2243,-0.3000 11.2243,0.3000 10.9743,0.3000;
ADD P1 :W0.000000  11.2243,-0.3000 11.7243,-0.3000 11.7243,0.3000 11.2243,0.3000;
ADD P1 :W0.000000  11.7243,-0.2000 12.3042,-0.2000 12.3042,0.2000 11.7243,0.2000;
ADD P1 :W0.000000  12.3042,-0.2000 18.3887,-0.2000 18.3887,0.2000 12.3042,0.2000;
ADD P1 :W0.000000  18.3887,-0.4500 18.8387,-0.4500 18.8387,0.4500 18.3887,0.4500;
ADD P1 :W0.000000  18.8387,-0.4500 19.2887,-0.4500 19.2887,0.4500 18.8387,0.4500;
ADD P1 :W0.000000  19.9887,-0.4500 20.4387,-0.4500 20.4387,0.4500 19.9887,0.4500;
ADD P1 :W0.000000  20.4387,-0.4500 20.8887,-0.4500 20.8887,0.4500 20.4387,0.4500;
ADD P1 :W0.000000  20.8887,-0.2000 24.9741,-0.2000 24.9741,0.2000 20.8887,0.2000;
ADD P1 :W0.000000  24.9741,-0.3050 25.8741,-0.3050 25.8741,0.3050 24.9741,0.3050;
ADD P1 :W0.000000  -11.0686,0.7062 2.8390,0.7062 2.8390,1.2026 3.7399,1.2026 3.7399,-1.1990 2.8342,-1.1990 2.8342,-0.6999 -11.0743,-0.6999 -11.0743,-1.9933 -11.9760,-1.9933 -11.9760,-12.6527 25.8846,-12.6527 25.8846,-1.9702 24.9704,-1.9702 24.9704,-0.7090 21.2070,-0.7090 21.2070,-1.1109 18.0437,-1.1109 18.0437,-0.7028 7.3387,-0.7028 7.3387,-1.1994 6.4351,-1.1994 6.4351,1.2081 7.3352,1.2081 7.3352,0.7080 18.0422,0.7080 18.0422,1.1105 21.2156,1.1105 21.2156,0.7101 24.9553,0.7101 24.9553,1.9052 25.8657,1.9052 25.8657,12.7731 -11.9714,12.7731 -11.9714,1.9766 -11.0795,1.9766;
  BEGIN_ASSOC
    ADD N1 :F1.000000 :R0 :T12345 'net=gnd!' 0.00, 0.00;
  END_ASSOC
SAVE;
