UNITS MM,10000;
EDIT proj;
ADD P1 :W0.000000  0.0000,-0.1850 3.0001,-0.1850 3.0001,0.1850 0.0000,0.1850;
ADD P1 :W0.000000  3.0001,-0.3000 3.5001,-0.3000 3.5001,0.3000 3.0001,0.3000;
ADD P1 :W0.000000  3.5001,-0.3000 3.7501,-0.3000 3.7501,0.3000 3.5001,0.3000;
ADD P1 :W0.000000  4.2501,-0.3000 4.5001,-0.3000 4.5001,0.3000 4.2501,0.3000;
ADD P1 :W0.000000  4.5001,-0.3000 5.0001,-0.3000 5.0001,0.3000 4.5001,0.3000;
ADD P1 :W0.000000  5.0001,-0.1850 16.0215,-0.1850 16.0215,0.1850 5.0001,0.1850;
ADD P1 :W0.000000  16.0215,-0.1850 17.3810,-0.1850 17.3810,0.1850 16.0215,0.1850;
ADD P1 :W0.000000  17.3810,-0.3000 17.8810,-0.3000 17.8810,0.3000 17.3810,0.3000;
ADD P1 :W0.000000  17.8810,-0.3000 18.1310,-0.3000 18.1310,0.3000 17.8810,0.3000;
ADD P1 :W0.000000  18.6310,-0.3000 18.8810,-0.3000 18.8810,0.3000 18.6310,0.3000;
ADD P1 :W0.000000  18.8810,-0.3000 19.3810,-0.3000 19.3810,0.3000 18.8810,0.3000;
ADD P1 :W0.000000  19.3810,-0.1850 19.4810,-0.1850 19.4810,0.1850 19.3810,0.1850;
ADD P1 :W0.000000  23.9810,-0.1850 25.9344,-0.1850 25.9344,0.1850 23.9810,0.1850;
ADD P1 :W0.000000  25.6344,-0.7500 25.6344,-1.0000 26.2344,-1.0000 26.2344,-0.7500;
ADD P1 :W0.000000  25.6344,-1.0000 25.6344,-1.5000 26.2344,-1.5000 26.2344,-1.0000;
ADD P1 :W0.000000  25.9344,-0.1850 26.1845,-0.1850 26.1845,0.1850 25.9344,0.1850;
ADD P1 :W0.000000  26.1845,-0.3000 26.6845,-0.3000 26.6845,0.3000 26.1845,0.3000;
ADD P1 :W0.000000  26.6845,-0.3000 26.9345,-0.3000 26.9345,0.3000 26.6845,0.3000;
ADD P1 :W0.000000  27.4345,-0.3000 27.6845,-0.3000 27.6845,0.3000 27.4345,0.3000;
ADD P1 :W0.000000  27.6845,-0.3000 28.1845,-0.3000 28.1845,0.3000 27.6845,0.3000;
ADD P1 :W0.000000  28.1845,-0.1850 29.2283,-0.1850 29.2283,0.1850 28.1845,0.1850;
ADD P1 :W0.000000  29.2283,-0.1850 38.2283,-0.1850 38.2283,0.1850 29.2283,0.1850;
ADD P1 :W0.000000  38.2283,-0.4500 38.6783,-0.4500 38.6783,0.4500 38.2283,0.4500;
ADD P1 :W0.000000  38.6783,-0.4500 39.1283,-0.4500 39.1283,0.4500 38.6783,0.4500;
ADD P1 :W0.000000  39.8283,-0.4500 40.2783,-0.4500 40.2783,0.4500 39.8283,0.4500;
ADD P1 :W0.000000  40.2783,-0.4500 40.7283,-0.4500 40.7283,0.4500 40.2783,0.4500;
ADD P1 :W0.000000  40.7283,-0.1850 46.5850,-0.1850 46.5850,0.1850 40.7283,0.1850;
ADD P1 :W0.000000  46.5850,-0.3050 47.4850,-0.3050 47.4850,0.3050 46.5850,0.3050;
ADD P1 :W0.000000  28.9283,-0.7500 28.9283,-1.0000 29.5283,-1.0000 29.5283,-0.7500;
ADD P1 :W0.000000  28.9283,-1.0000 28.9283,-1.5000 29.5283,-1.5000 29.5283,-1.0000;
ADD P1 :W0.000000  15.7215,-0.7500 15.7215,-1.0000 16.3215,-1.0000 16.3215,-0.7500;
ADD P1 :W0.000000  15.7215,-1.0000 15.7215,-1.5000 16.3215,-1.5000 16.3215,-1.0000;
ADD P1 :W0.000000  -0.9000,-0.3050 0.0000,-0.3050 0.0000,0.3050 -0.9000,0.3050;
SAVE;
