UNITS MM,10000;
EDIT proj;
ADD P1 :W0.000000  0.0000,-0.3000 0.2500,-0.3000 0.2500,0.3000 0.0000,0.3000;
ADD P1 :W0.000000  0.7500,-0.3000 1.0000,-0.3000 1.0000,0.3000 0.7500,0.3000;
ADD P1 :W0.000000  1.0000,-0.3000 1.5000,-0.3000 1.5000,0.3000 1.0000,0.3000;
ADD P1 :W0.000000  1.5000,-0.2000 13.1976,-0.2000 13.1976,0.2000 1.5000,0.2000;
ADD P1 :W0.000000  13.1976,-0.2000 14.1636,-0.2000 14.1636,0.2000 13.1976,0.2000;
ADD P1 :W0.000000  14.1636,-0.3000 14.6636,-0.3000 14.6636,0.3000 14.1636,0.3000;
ADD P1 :W0.000000  14.6636,-0.3000 14.9136,-0.3000 14.9136,0.3000 14.6636,0.3000;
ADD P1 :W0.000000  15.4136,-0.3000 15.6636,-0.3000 15.6636,0.3000 15.4136,0.3000;
ADD P1 :W0.000000  15.6636,-0.3000 16.1636,-0.3000 16.1636,0.3000 15.6636,0.3000;
ADD P1 :W0.000000  16.1636,-0.2000 16.2668,-0.2000 16.2668,0.2000 16.1636,0.2000;
ADD P1 :W0.000000  20.7668,-0.2000 21.6059,-0.2000 21.6059,0.2000 20.7668,0.2000;
ADD P1 :W0.000000  21.6059,-0.2000 21.8970,-0.2000 21.8970,0.2000 21.6059,0.2000;
ADD P1 :W0.000000  21.8970,-0.3000 22.3970,-0.3000 22.3970,0.3000 21.8970,0.3000;
ADD P1 :W0.000000  22.3970,-0.3000 22.6470,-0.3000 22.6470,0.3000 22.3970,0.3000;
ADD P1 :W0.000000  23.1470,-0.3000 23.3970,-0.3000 23.3970,0.3000 23.1470,0.3000;
ADD P1 :W0.000000  23.3970,-0.3000 23.8970,-0.3000 23.8970,0.3000 23.3970,0.3000;
ADD P1 :W0.000000  23.8970,-0.2000 24.4227,-0.2000 24.4227,0.2000 23.8970,0.2000;
ADD P1 :W0.000000  24.4227,-0.2000 38.3981,-0.2000 38.3981,0.2000 24.4227,0.2000;
ADD P1 :W0.000000  38.3981,-0.4500 38.8481,-0.4500 38.8481,0.4500 38.3981,0.4500;
ADD P1 :W0.000000  38.8481,-0.4500 39.2981,-0.4500 39.2981,0.4500 38.8481,0.4500;
ADD P1 :W0.000000  39.9981,-0.4500 40.4481,-0.4500 40.4481,0.4500 39.9981,0.4500;
ADD P1 :W0.000000  40.4481,-0.4500 40.8981,-0.4500 40.8981,0.4500 40.4481,0.4500;
ADD P1 :W0.000000  40.8981,-0.2000 45.2360,-0.2000 45.2360,0.2000 40.8981,0.2000;
ADD P1 :W0.000000  45.2360,-0.3050 46.1360,-0.3050 46.1360,0.3050 45.2360,0.3050;
ADD P1 :W0.000000  -0.5000,-0.3000 0.0000,-0.3000 0.0000,0.3000 -0.5000,0.3000;
ADD P1 :W0.000000  -5.8186,-0.2000 -0.5000,-0.2000 -0.5000,0.2000 -5.8186,0.2000;
ADD P1 :W0.000000  -6.7186,-0.3050 -5.8186,-0.3050 -5.8186,0.3050 -6.7186,0.3050;
ADD P1 :W0.000000  -5.8200,0.7001 -6.7195,0.7001 -6.7195,15.7953 46.1030,15.7953 46.1030,0.6980 41.1600,0.6980 41.1600,0.9401 38.1413,0.9401 38.1413,0.7023 20.7698,0.7023 20.7698,1.2075 19.8697,1.2075 19.8697,-1.1928 20.7675,-1.1928 20.7675,-0.6954 38.1408,-0.6954 38.1408,-0.9331 41.1555,-0.9331 41.1555,-0.6946 46.1024,-0.6946 46.1024,-16.0375 -6.7414,-16.0375 -6.7414,-0.6995 16.2644,-0.6995 16.2644,-1.1865 17.1643,-1.1865 17.1643,1.2148 16.2568,1.2148 16.2568,0.7067;
  BEGIN_ASSOC
    ADD N1 :F1.000000 :R0 :T12345 'net=gnd!' 0.00, 0.00;
  END_ASSOC
SAVE;
